1190.0 10.0
1189.8820039332809 10.08
1189.5280629299768 10.31
1188.9383185617703 10.7
1188.1130067185454 11.25
1187.0524575140353 11.95
1185.757095153781 12.8
1184.2274377654558 13.82
1182.4640971916199 14.98
1180.4677787449916 16.3
1178.2392809263324 17.77
1175.7794951050573 19.4
1173.0894051626974 21.18
1170.1700870993627 23.11
1167.0227086033547 25.19
1163.6485285841077 27.42
1160.04889666864 29.8
1156.2252526617242 32.33
1152.1791259699817 35.0
1147.912134990141 37.82
1143.4259864617022 40.79
1138.722474784262 43.9
1133.8034812997785 47.15
1128.67097354006 50.54
1123.3270044397777 54.07
1117.77371151532 57.74
1112.0133160098135 61.55
1106.0481220046563 65.49
1099.8805154979154 69.57
1093.5129634499604 73.78
1086.9480127967101 78.12
1080.188289430895 82.59
1073.2364971517327 87.18
1066.0954165834455 91.9
1058.7679040630474 96.75
1051.2568904978482 101.71
1043.565380193128 106.8
1035.696449650457 112.0
1027.653246337134 117.31
1019.4389874272435 122.74
1011.0569585148277 128.28
1002.510512299692 133.93
993.8030672463719 139.69
984.9381062167906 145.55
975.9191750771623 151.51
966.7498812796921 157.57
957.4338924196431 163.73
947.974934768348 169.98
938.3767917827495 176.33
928.6433025920683 182.76
918.7783604622025 189.28
908.7859112384733 195.89
898.6699517673393 202.57
888.4345282977113 209.34
878.0837348625066 216.18
867.6217116410905 223.1
857.0526433032601 230.08
846.3807573354312 237.14
835.6103223497012 244.26
824.7456463764603 251.44
813.7910751412375 258.68
802.7509903264678 265.98
791.6298078188779 273.33
780.4319759431907 280.73
769.1619736828537 288.18
757.8243088885065 295.68
746.4235164749 303.21
734.9641566069911 310.79
723.4508128759373 318.4
711.8880904657221 326.04
700.280614311142 333.71
688.6330272478947 341.41
676.9499881555059 349.13
665.2361700938411 356.88
653.4962584339427 364.64
641.7349489839447 372.41
629.9569461108117 380.2
618.166960858655 387.99
606.3697090643777 395.79
594.5699094714031 403.59
582.7722818422396 411.39
570.9815450706394 419.18
559.2024152941033 426.97
547.439604007489 434.74
535.697816178476 442.5
523.9817483656404 450.25
512.2960868398955 457.97
500.6455057100446 465.68
489.03466505320074 473.35
477.46820905081756 481.0
465.9507641310786 488.61
454.4869371183879 496.19
443.08131339070155 503.73
431.7384550454377 511.22
420.46289907469827 518.68
409.2591555505329 526.08
398.13170582097007 533.44
387.08500071753735 540.74
376.1234587749889 547.99
365.25146446394956 555.17
354.473366437186 562.3
343.7934757902027 569.36
333.2160643368619 576.35
322.7453629007147 583.27
312.385559622728 590.12
302.1407982860841 596.89
292.0151766587227 603.58
282.0127448542882 610.19
272.13750371213854 616.72
262.3934031970623 623.16
252.78434081934597 629.52
243.31416007582152 635.78
233.9866489125189 641.94
224.80553820953838 648.01
215.77450028874796 653.98
206.89714744490362 659.85
198.17703050078 665.61
189.61763738688785 671.27
181.22239174634893 676.82
172.99465156548456 682.26
164.9377078306652 687.58
157.05478321196034 692.79
149.34903077411326 697.89
141.8235327153571 702.86
134.48129913457666 707.72
127.32526682730912 712.45
120.35829811106493 717.05
113.58317968043877 721.53
107.00262149246947 725.88
100.61925568269237 730.1
94.43563551232108 734.19
88.45423434697653 738.14
82.67744466737395 741.96
77.10757711236226 745.64
71.74685955469965 749.18
66.5974362099339 752.59
61.661366778744764 755.85
56.940625623091364 758.97
52.43710097649375 761.95
48.152594188764056 764.78
44.08881900549159 767.47
40.24740088256681 770.01
36.6298763360204 772.4
33.23769232743814 774.64
30.072205685194945 776.73
27.134682561741556 778.67
24.426297927161272 780.46
21.948135099196293 782.1
19.70118530993625 783.59
17.68634730933786 784.92
15.904427005737261 786.1
14.356137143497108 787.12
13.042097017918877 787.99
11.962832227532544 788.7
11.118774463864042 789.26
10.510261338765076 789.66
10.13753624937226 789.91
10.000748280751736 790.0
10.099952146267015 789.93
10.435108165694714 789.71
11.0060822810957 789.33
11.81264611043673 788.8
12.854477038940104 788.11
14.131158348125382 787.27
15.642179382490895 786.27
17.386935753769762 785.12
19.364729582676432 783.81
21.5747697780497 782.35
24.01617235327808 780.74
26.687960779883383 778.97
29.58906637811799 777.05
32.71832874442373 774.98
36.0744962155768 772.76
39.65622636933733 770.4
43.462086561399246 767.88
47.49055449843013 765.22
51.740018846967246 762.41
56.208779877930056 759.46
60.89505014648864 756.36
65.79695520701853 753.12
70.91253436285331 749.74
76.23974145053751 746.21
81.77644565826438 742.55
87.5204323781727 738.76
93.46940409216 734.83
99.62098129085928 730.76
105.97270342541088 726.56
112.52202989164942 722.23
119.26634104631177 717.77
126.20293925485896 713.19
133.32904997049428 708.48
140.64182284394502 703.64
148.13833286356396 698.69
155.81558152529573 693.61
163.67049803203747 688.42
171.69994052191726 683.11
179.90069732499694 677.69
188.2694882478973 672.16
196.80296588583155 666.52
205.49771696152277 660.77
214.35026369046898 654.92
223.3570651720113 648.97
232.51451880564554 642.91
241.81896173201687 636.76
251.26667229801143 630.52
260.8538715453712 624.18
270.57672472222504 617.75
280.43134281693784 611.24
290.41378411366566 604.64
300.5200557689864 597.96
310.7461154089873 591.2
321.0878727461572 584.37
331.5411912154502 577.46
342.1018896288536 570.48
352.7657438478102 563.43
363.5284884728145 556.31
374.38581854951866 549.13
385.33339129065354 541.9
396.36682781308934 534.6
407.4817148893267 527.26
418.6736067127326 519.86
429.93802667579985 512.41
441.2704691607346 504.92
452.66640134163896 497.39
464.1212649975854 489.82
475.63047833583994 482.21
487.18943782452254 474.57
498.79352003395405 466.9
510.4380834859707 459.2
522.1184705104495 451.48
533.8300091083181 443.74
545.5680148202881 435.98
557.3277926005799 428.21
569.1046386948767 420.42
580.8938425217624 412.63
592.6906885568945 404.83
604.4904582191473 397.03
616.2884317579848 389.23
628.0798901412948 381.44
639.8601169429423 373.65
651.6244002292734 365.88
663.3680344438294 358.11
675.0863222895031 350.37
686.7745766073992 342.64
698.4281222516308 334.94
710.0422979593197 327.26
721.6124582150354 319.61
733.1339751089434 312.0
744.6022401879034 304.42
756.012666298793 296.87
767.3606894233035 289.37
778.6417705034914 281.91
789.8513972573359 274.51
800.9850859835962 267.15
812.0383833552279 259.84
823.0068682006588 252.59
833.8861532721943 245.4
844.6718870008613 238.27
855.3597552369768 231.2
865.9454829757483 224.21
876.4248360672225 217.28
886.7936229098847 210.42
897.0476961272474 203.65
907.1829542267419 196.95
917.1953432402642 190.33
927.0808583457049 183.79
936.8355454688276 177.35
946.4555028648431 170.99
955.9368826790583 164.72
965.2758924859631 158.55
974.4687968061544 152.47
983.5119186004736 146.49
992.4016407407769 140.62
1001.1344074567357 134.84
1009.7067257580995 129.18
1018.1151668318435 123.62
1026.3563674136494 118.17
1034.4270311331654 112.84
1042.3239298325116 107.62
1050.043904857498 102.51
1057.5838683210477 97.53
1064.940804338305 92.67
1072.1117702329555 87.93
1079.0938977142525 83.31
1085.8843940242969 78.82
1092.4805430551041 74.46
1098.879706435009 70.23
1105.0793245839807 66.13
1111.0769177374195 62.17
1116.870086938032 58.34
1122.4565149953783 54.65
1127.8339674127205 51.09
1133.0002932807897 47.68
1137.9534261381227 44.4
1142.691384797617 41.27
1147.2122741389812 38.28
1151.514285866756 35.44
1155.5956992336098 32.74
1159.454881728614 30.19
1163.0902897302258 27.79
1166.500469123716 25.53
1169.6840558827955 23.43
1172.6397766152081 21.48
1175.3664490720698 19.67
1177.862982620753 18.02
1180.128378681125 16.53
1182.1617311249663 15.18
1183.9622266384108 13.99
1185.529145047259 12.96
1186.8618596050394 12.07
1187.9598372436983 11.35
1188.8226387868199 10.78
1189.4499191252903 10.36
1189.841427355338 10.1
1189.9970068788914 10.0
1189.9165954662149 10.06
1189.6002252808016 10.26
1189.0480228665078 10.63
1188.2602090969363 11.15
1187.2370990870904 11.83
1185.9791020673338 12.66


