-10.0 -Infinity
-9.9 0.6074550232146685
-9.8 1.079543007402906
-9.7 1.9592799501309388
-9.6 1.4146391467370092
-9.5 1.1034616220947047
-9.4 0.9410142437055697
-9.3 0.8305886686851442
-9.2 0.7466341989375788
-9.1 0.6794278966121189
-9.0 0.6222140229662954
-8.9 0.5728716022004802
-8.8 0.5289167002776547
-8.7 0.4899584794248346
-8.6 0.45331834004703764
-8.5 0.42160392686983106
-8.4 0.39093510710337914
-8.3 0.36361197989214433
-8.2 0.33845649360460484
-8.1 0.31386722036915343
-8.0 0.290034611362518
-7.9 0.26951294421791633
-7.8 0.24797326636180664
-7.699999999999999 0.2304489213782739
-7.6 0.21218760440395779
-7.5 0.1931245983544616
-7.4 0.17609125905568124
-7.3 0.16136800223497488
-7.199999999999999 0.146128035678238
-7.1 0.13033376849500614
-7.0 0.11727129565576427
-6.9 0.10380372095595687
-6.8 0.08990511143939793
-6.699999999999999 0.07918124604762482
-6.6 0.06445798922691845
-6.5 0.05307844348341968
-6.4 0.045322978786657475
-6.3 0.03342375548694973
-6.199999999999999 0.021189299069938092
-6.1 0.012837224705172217
-6.0 0.004321373782642578
-5.8999999999999995 -0.00877392430750515
-5.8 -0.017728766960431602
-5.7 -0.026872146400301365
-5.6 -0.03151705144606486
-5.5 -0.040958607678906384
-5.3999999999999995 -0.05060999335508721
-5.3 -0.05551732784983137
-5.199999999999999 -0.06550154875643228
-5.1 -0.07058107428570728
-5.0 -0.08092190762392612
-4.8999999999999995 -0.08618614761628333
-4.8 -0.09151498112135022
-4.699999999999999 -0.09691001300805639
-4.6 -0.10237290870955855
-4.5 -0.11350927482751812
-4.3999999999999995 -0.11918640771920865
-4.3 -0.12493873660829995
-4.199999999999999 -0.12493873660829995
-4.1 -0.13076828026902382
-4.0 -0.1366771398795441
-3.8999999999999995 -0.14266750356873156
-3.8 -0.14874165128092473
-3.6999999999999993 -0.1549019599857432
-3.5999999999999996 -0.1549019599857432
-3.5 -0.16115090926274472
-3.3999999999999995 -0.16749108729376366
-3.3 -0.16749108729376366
-3.1999999999999993 -0.17392519729917355
-3.0999999999999996 -0.17392519729917355
-3.0 -0.1804560644581313
-2.8999999999999995 -0.18708664335714442
-2.8 -0.18708664335714442
-2.6999999999999993 -0.1938200260161128
-2.5999999999999996 -0.1938200260161128
-2.5 -0.1938200260161128
-2.3999999999999995 -0.2006594505464183
-2.3 -0.2006594505464183
-2.1999999999999993 -0.20760831050174613
-2.0999999999999996 -0.20760831050174613
-2.0 -0.20760831050174613
-1.9000000000000004 -0.21467016498923297
-1.799999999999999 -0.21467016498923297
-1.6999999999999993 -0.21467016498923297
-1.5999999999999996 -0.21467016498923297
-1.5 -0.2218487496163564
-1.4000000000000004 -0.2218487496163564
-1.299999999999999 -0.2218487496163564
-1.1999999999999993 -0.2218487496163564
-1.0999999999999996 -0.2218487496163564
-1.0 -0.22914798835785583
-0.9000000000000004 -0.22914798835785583
-0.7999999999999989 -0.22914798835785583
-0.6999999999999993 -0.22914798835785583
-0.5999999999999996 -0.22914798835785583
-0.5 -0.22914798835785583
-0.3999999999999986 -0.22914798835785583
-0.29999999999999893 -0.22914798835785583
-0.1999999999999993 -0.22914798835785583
-0.09999999999999964 -0.22914798835785583
0.0 -0.22914798835785583
0.10000000000000142 -0.22914798835785583
0.20000000000000107 -0.22914798835785583
0.3000000000000007 -0.22914798835785583
0.40000000000000036 -0.22914798835785583
0.5 -0.22914798835785583
0.6000000000000014 -0.22914798835785583
0.7000000000000011 -0.22914798835785583
0.8000000000000007 -0.22914798835785583
0.9000000000000004 -0.22914798835785583
1.0 -0.22914798835785583
1.1000000000000014 -0.22914798835785583
1.200000000000001 -0.2218487496163564
1.3000000000000007 -0.2218487496163564
1.4000000000000004 -0.2218487496163564
1.5 -0.2218487496163564
1.6000000000000014 -0.2218487496163564
1.700000000000001 -0.21467016498923297
1.8000000000000007 -0.21467016498923297
1.9000000000000004 -0.21467016498923297
2.0 -0.21467016498923297
2.1000000000000014 -0.20760831050174613
2.200000000000001 -0.20760831050174613
2.3000000000000007 -0.20760831050174613
2.4000000000000004 -0.2006594505464183
2.5 -0.2006594505464183
2.6000000000000014 -0.1938200260161128
2.700000000000001 -0.1938200260161128
2.8000000000000007 -0.1938200260161128
2.9000000000000004 -0.18708664335714442
3.0 -0.18708664335714442
3.1000000000000014 -0.1804560644581313
3.200000000000001 -0.17392519729917355
3.3000000000000007 -0.17392519729917355
3.4000000000000004 -0.16749108729376366
3.5 -0.16749108729376366
3.6000000000000014 -0.16115090926274472
3.700000000000001 -0.1549019599857432
3.8000000000000007 -0.1549019599857432
3.9000000000000004 -0.14874165128092473
4.0 -0.14266750356873156
4.100000000000001 -0.1366771398795441
4.200000000000001 -0.13076828026902382
4.300000000000001 -0.12493873660829995
4.4 -0.12493873660829995
4.5 -0.11918640771920865
4.600000000000001 -0.11350927482751812
4.700000000000001 -0.10237290870955855
4.800000000000001 -0.09691001300805639
4.9 -0.09151498112135022
5.0 -0.08618614761628333
5.100000000000001 -0.08092190762392612
5.200000000000001 -0.07058107428570728
5.300000000000001 -0.06550154875643228
5.4 -0.05551732784983137
5.5 -0.05060999335508721
5.600000000000001 -0.040958607678906384
5.700000000000001 -0.03151705144606486
5.800000000000001 -0.026872146400301365
5.9 -0.017728766960431602
6.0 -0.00877392430750515
6.100000000000001 0.004321373782642578
6.199999999999999 0.012837224705172217
6.300000000000001 0.021189299069938092
6.400000000000002 0.03342375548694973
6.5 0.045322978786657475
6.600000000000001 0.05307844348341968
6.699999999999999 0.06445798922691845
6.800000000000001 0.07918124604762482
6.900000000000002 0.08990511143939793
7.0 0.10380372095595687
7.100000000000001 0.11727129565576427
7.199999999999999 0.13033376849500614
7.300000000000001 0.146128035678238
7.400000000000002 0.16136800223497488
7.5 0.17609125905568124
7.600000000000001 0.1931245983544616
7.699999999999999 0.21218760440395779
7.800000000000001 0.2304489213782739
7.900000000000002 0.24797326636180664
8.0 0.26951294421791633
8.100000000000001 0.290034611362518
8.2 0.31386722036915343
8.3 0.33845649360460484
8.400000000000002 0.36361197989214433
8.5 0.39093510710337914
8.600000000000001 0.42160392686983106
8.7 0.45331834004703764
8.8 0.4899584794248346
8.900000000000002 0.5289167002776547
9.0 0.5728716022004802
9.100000000000001 0.6222140229662954
9.200000000000003 0.6794278966121189
9.3 0.7466341989375788
9.400000000000002 0.8305886686851442
9.5 0.9410142437055697
9.600000000000001 1.1034616220947047
9.700000000000003 1.4146391467370092
9.8 1.9592799501309388
9.900000000000002 1.079543007402906
10.0 0.6074550232146685


