-10.0 0.54
-9.9 0.46
-9.8 0.37
-9.7 0.27
-9.6 0.17
-9.5 0.08
-9.4 -0.02
-9.3 -0.12
-9.2 -0.22
-9.1 -0.32
-9.0 -0.41
-8.9 -0.5
-8.8 -0.58
-8.7 -0.66
-8.6 -0.73
-8.5 -0.8
-8.4 -0.85
-8.3 -0.9
-8.2 -0.94
-8.1 -0.97
-8.0 -0.99
-7.9 -1.0
-7.8 -1.0
-7.699999999999999 -0.99
-7.6 -0.97
-7.5 -0.94
-7.4 -0.9
-7.3 -0.85
-7.199999999999999 -0.79
-7.1 -0.73
-7.0 -0.66
-6.9 -0.58
-6.8 -0.49
-6.699999999999999 -0.4
-6.6 -0.31
-6.5 -0.22
-6.4 -0.12
-6.3 -0.02
-6.199999999999999 0.08
-6.1 0.18
-6.0 0.28
-5.8999999999999995 0.37
-5.8 0.46
-5.7 0.55
-5.6 0.63
-5.5 0.71
-5.3999999999999995 0.77
-5.3 0.83
-5.199999999999999 0.88
-5.1 0.93
-5.0 0.96
-4.8999999999999995 0.98
-4.8 1.0
-4.699999999999999 1.0
-4.6 0.99
-4.5 0.98
-4.3999999999999995 0.95
-4.3 0.92
-4.199999999999999 0.87
-4.1 0.82
-4.0 0.76
-3.8999999999999995 0.69
-3.8 0.61
-3.6999999999999993 0.53
-3.5999999999999996 0.44
-3.5 0.35
-3.3999999999999995 0.26
-3.3 0.16
-3.1999999999999993 0.06
-3.0999999999999996 -0.04
-3.0 -0.14
-2.8999999999999995 -0.24
-2.8 -0.33
-2.6999999999999993 -0.43
-2.5999999999999996 -0.52
-2.5 -0.6
-2.3999999999999995 -0.68
-2.3 -0.75
-2.1999999999999993 -0.81
-2.0999999999999996 -0.86
-2.0 -0.91
-1.9000000000000004 -0.95
-1.799999999999999 -0.97
-1.6999999999999993 -0.99
-1.5999999999999996 -1.0
-1.5 -1.0
-1.4000000000000004 -0.99
-1.299999999999999 -0.96
-1.1999999999999993 -0.93
-1.0999999999999996 -0.89
-1.0 -0.84
-0.9000000000000004 -0.78
-0.7999999999999989 -0.72
-0.6999999999999993 -0.64
-0.5999999999999996 -0.56
-0.5 -0.48
-0.3999999999999986 -0.39
-0.29999999999999893 -0.3
-0.1999999999999993 -0.2
-0.09999999999999964 -0.1
0.0 0.0
0.10000000000000142 0.1
0.20000000000000107 0.2
0.3000000000000007 0.3
0.40000000000000036 0.39
0.5 0.48
0.6000000000000014 0.56
0.7000000000000011 0.64
0.8000000000000007 0.72
0.9000000000000004 0.78
1.0 0.84
1.1000000000000014 0.89
1.200000000000001 0.93
1.3000000000000007 0.96
1.4000000000000004 0.99
1.5 1.0
1.6000000000000014 1.0
1.700000000000001 0.99
1.8000000000000007 0.97
1.9000000000000004 0.95
2.0 0.91
2.1000000000000014 0.86
2.200000000000001 0.81
2.3000000000000007 0.75
2.4000000000000004 0.68
2.5 0.6
2.6000000000000014 0.52
2.700000000000001 0.43
2.8000000000000007 0.33
2.9000000000000004 0.24
3.0 0.14
3.1000000000000014 0.04
3.200000000000001 -0.06
3.3000000000000007 -0.16
3.4000000000000004 -0.26
3.5 -0.35
3.6000000000000014 -0.44
3.700000000000001 -0.53
3.8000000000000007 -0.61
3.9000000000000004 -0.69
4.0 -0.76
4.100000000000001 -0.82
4.200000000000001 -0.87
4.300000000000001 -0.92
4.4 -0.95
4.5 -0.98
4.600000000000001 -0.99
4.700000000000001 -1.0
4.800000000000001 -1.0
4.9 -0.98
5.0 -0.96
5.100000000000001 -0.93
5.200000000000001 -0.88
5.300000000000001 -0.83
5.4 -0.77
5.5 -0.71
5.600000000000001 -0.63
5.700000000000001 -0.55
5.800000000000001 -0.46
5.9 -0.37
6.0 -0.28
6.100000000000001 -0.18
6.199999999999999 -0.08
6.300000000000001 0.02
6.400000000000002 0.12
6.5 0.22
6.600000000000001 0.31
6.699999999999999 0.4
6.800000000000001 0.49
6.900000000000002 0.58
7.0 0.66
7.100000000000001 0.73
7.199999999999999 0.79
7.300000000000001 0.85
7.400000000000002 0.9
7.5 0.94
7.600000000000001 0.97
7.699999999999999 0.99
7.800000000000001 1.0
7.900000000000002 1.0
8.0 0.99
8.100000000000001 0.97
8.2 0.94
8.3 0.9
8.400000000000002 0.85
8.5 0.8
8.600000000000001 0.73
8.7 0.66
8.8 0.58
8.900000000000002 0.5
9.0 0.41
9.100000000000001 0.32
9.200000000000003 0.22
9.3 0.12
9.400000000000002 0.02
9.5 -0.08
9.600000000000001 -0.17
9.700000000000003 -0.27
9.8 -0.37
9.900000000000002 -0.46
10.0 -0.54


